Delhi,2015,297.02465753424656,117.34082191780823,229.99083798882663
Delhi,2016,301.36986301369865,138.71956164383573,258.63657303370803
Delhi,2017,256.72752808988764,127.09602816901403,264.7572607260727
Delhi,2018,249.15890410958903,115.01939726027399,240.11024657534247
Delhi,2019,232.1041095890411,108.50147945205478,215.047808219178
Delhi,2020,181.672131147541,80.31797814207651,157.03420765027332
Kochi,2020,104.28481012658227,31.540506329113935,66.1144303797468
Patna,2015,350.55555555555554,217.10382716049372,
Patna,2016,252.32628398791542,138.37285714285716,
Patna,2017,326.36805555555554,183.80853146853153,
Patna,2018,233.6343490304709,119.93509695290848,
Patna,2019,218.2590529247911,105.1355988857939,197.36249999999998
Patna,2020,162.2513661202186,61.3216939890711,123.66098360655735
Aizawl,2020,34.765765765765764,16.988545454545466,23.28636363636364
Bhopal,2019,162.6095238095238,67.70914285714282,144.32114285714283
Bhopal,2020,114.7514450867052,39.58468208092487,104.78184971098261
Jaipur,2017,156.13812154696132,67.53871508379889,135.2306779661017
Jaipur,2018,150.02739726027397,61.346794520548,141.11427397260275
Jaipur,2019,120.5123287671233,48.931315068493184,114.17723287671231
Jaipur,2020,105.12021857923497,40.31196721311477,97.43404371584698
Mumbai,2018,102.61233480176212,34.73236607142859,99.57546341463417
Mumbai,2019,107.95068493150686,34.73684931506849,95.92528767123285
Mumbai,2020,103.56830601092896,36.594316939890724,94.73366120218574
Chennai,2015,148.33333333333334,59.11854545454543,
Chennai,2016,138.56586826347305,55.57763636363636,
Chennai,2017,104.53739612188366,53.168388888888884,
Chennai,2018,105.4904109589041,52.142739726027365,
Chennai,2019,102.94246575342466,43.938027397260264,58.5139053254438
Chennai,2020,80.25136612021858,29.40754098360655,68.32436090225563
Kolkata,2018,155.31553398058253,73.7932038834951,122.21752427184461
Kolkata,2019,143.9095890410959,68.31945205479454,123.55032876712332
Kolkata,2020,117.29508196721312,47.05256830601093,94.28021857923498
Lucknow,2015,202.23591549295776,98.67961130742049,
Lucknow,2016,242.97305389221557,126.79648648648647,
Lucknow,2017,237.62154696132598,121.75917127071826,
Lucknow,2018,233.77260273972604,119.24553424657535,
Lucknow,2019,202.56164383561645,98.08865753424658,
Lucknow,2020,157.12568306010928,76.86508196721309,
Talcher,2018,185.744769874477,72.15820627802685,186.1538362068967
Talcher,2019,169.02310231023102,51.53519999999999,177.81926421404677
Talcher,2020,160.69230769230768,68.09936619718309,115.46935483870968
Amritsar,2017,148.06766917293234,72.28160305343512,144.8070161290323
Amritsar,2018,122.92592592592592,55.3629149797571,124.54875389408109
Amritsar,2019,109.5,50.794044321329665,97.57526315789484
Amritsar,2020,92.97701149425288,37.70277456647399,90.8161403508772
Gurugram,2016,226.71308016877637,125.60431034482764,
Gurugram,2017,284.70212765957444,156.7871124620061,395.4
Gurugram,2018,234.1529411764706,118.29258823529406,239.72319634703194
Gurugram,2019,195.22252747252747,93.9428296703297,190.02943113772466
Gurugram,2020,158.65573770491804,67.01792349726779,134.43475409836066
Guwahati,2019,127.56089743589743,54.1917948717949,106.13387820512817
Guwahati,2020,161.50819672131146,73.99516483516477,126.92218579234974
Shillong,2019,44.476190476190474,14.061379310344835,22.538730158730154
Shillong,2020,57.929577464788736,29.08584507042252,41.74225352112676
Ahmedabad,2015,310.9505703422053,78.00950570342212,
Ahmedabad,2016,310.1623931623932,64.50356521739134,
Ahmedabad,2017,558.768115942029,89.16043478260872,
Ahmedabad,2018,622.2633053221289,75.03840336134456,
Ahmedabad,2019,516.3522727272727,62.22406250000003,119.21218749999998
Ahmedabad,2020,242.0681818181818,43.34073863636363,104.46728323699422
Amaravati,2017,192.51351351351352,84.34783783783783,139.73324324324324
Amaravati,2018,101.39102564102564,38.35325806451612,81.96463022508041
Amaravati,2019,98.48543689320388,39.24135922330097,78.01660194174755
Amaravati,2020,59.87978142076503,26.089833333333345,50.29524590163935
Bengaluru,2015,112.57342657342657,28.71849122807018,67.339
Bengaluru,2016,105.58404558404558,47.644119496855325,105.34645161290312
Bengaluru,2017,87.12087912087912,35.3136033519553,84.84304469273741
Bengaluru,2018,86.30747922437673,34.85196531791906,79.40893805309739
Bengaluru,2019,91.6027397260274,35.424767123287666,75.61465753424652
Bengaluru,2020,79.71584699453553,30.465464480874303,67.03163934426233
Ernakulam,2020,92.359477124183,24.880657894736828,47.94506578947366
Hyderabad,2015,143.4191176470588,64.22132841328413,91.70798076923076
Hyderabad,2016,124.24035608308606,54.18395209580838,89.65712121212118
Hyderabad,2017,112.32960893854748,43.321624649859956,97.78988732394367
Hyderabad,2018,97.55616438356165,43.12846575342464,95.62394520547943
Hyderabad,2019,93.98082191780821,41.55378082191778,91.30205479452054
Hyderabad,2020,78.17486338797814,35.09781420765027,77.97158469945354
Chandigarh,2019,135.54700854700855,64.80514285714287,114.56017094017099
Chandigarh,2020,71.3956043956044,27.758076923076946,67.30445054945056
Coimbatore,2019,77.02659574468085,29.576010638297873,38.51244680851064
Coimbatore,2020,68.19871794871794,29.278258064516134,39.36251612903226
Jorapokhar,2017,121.18518518518519,,133.3925925925926
Jorapokhar,2018,185.21333333333334,,204.39364864864868
Jorapokhar,2019,157.58745874587459,69.00098654708522,125.85631229235881
Jorapokhar,2020,145.3395061728395,56.5466917293233,138.67807453416157
Brajrajnagar,2017,247.6,101.66,158.897
Brajrajnagar,2018,154.99615384615385,68.38412000000004,129.7399604743083
Brajrajnagar,2019,148.40062111801242,59.44587499999999,114.73632398753894
Brajrajnagar,2020,137.10743801652893,63.23377192982453,130.99403361344537
Visakhapatnam,2016,103.97604790419162,45.30508982035928,87.894371257485
Visakhapatnam,2017,143.0943396226415,60.25924528301888,113.34050314465406
Visakhapatnam,2018,122.81901840490798,50.77972136222911,117.14972222222218
Visakhapatnam,2019,123.44281524926686,48.03706231454009,116.02296969696975
Visakhapatnam,2020,84.68539325842697,31.85830508474576,83.18112994350281
Thiruvananthapuram,2017,68.61146496815287,25.536129032258064,46.57044585987262
Thiruvananthapuram,2018,83.46260387811634,32.78817927170867,58.33610027855149
Thiruvananthapuram,2019,76.23646723646723,25.487002881844354,51.775730659025726
Thiruvananthapuram,2020,66.46448087431693,26.84983606557377,51.638618784530415
